1735022784984 0.042272727272727274 0
1735022785112 0.08454545454545455 1
1735022785243 0.1268181818181818 2
1735022785400 0.1690909090909091 3
1735022785563 0.21136363636363636 4
1735022785699 0.2536363636363636 5
1735022785816 0.2959090909090909 6
1735022785948 0.3381818181818182 7
1735022786064 0.3804545454545455 8
1735022786182 0.42272727272727273 9
1735022786305 0.465 10
1735022786404 0.5072727272727272 11
1735022786525 0.5495454545454546 12
1735022786621 0.5918181818181818 13
1735022786726 0.634090909090909 14
1735022786830 0.6763636363636364 15
1735022786935 0.7186363636363636 16
1735022787068 0.760909090909091 17
1735022787161 0.8031818181818182 18
1735022787263 0.8454545454545455 19
1735022787361 0.8877272727272728 20
1735022787476 0.93 21
