1735022785010 21.412087885324098 0
1735022785142 20.99666834627188 1
1735022785267 19.405550183666527 2
1735022785442 18.714881788502527 3
1735022785601 17.704741004905312 4
1735022785725 16.302225033119903 5
1735022785843 15.564230080018756 6
1735022785974 14.298966790278902 7
1735022786089 13.251259602545872 8
1735022786212 12.770456493278555 9
1735022786328 11.636730845038896 10
1735022786433 10.90688848784145 11
1735022786546 9.37440974495356 12
1735022786645 8.786238426915004 13
1735022786750 7.8869574475003645 14
1735022786851 6.049744085996863 15
1735022786962 5.098707831871318 16
1735022787088 4.707684910238309 17
1735022787183 3.809421144995109 18
1735022787284 2.163776510237778 19
1735022787391 1.124696592376686 20
1735022787504 0.21861719799176305 21
