1735022784962 0.04284545454545455 0
1735022785081 0.0856909090909091 1
1735022785221 0.12853636363636362 2
1735022785363 0.1713818181818182 3
1735022785532 0.2142272727272727 4
1735022785664 0.25707272727272723 5
1735022785789 0.2999181818181818 6
1735022785922 0.3427636363636364 7
1735022786039 0.38560909090909096 8
1735022786153 0.4284545454545454 9
1735022786284 0.4713 10
1735022786383 0.5141454545454545 11
1735022786501 0.5569909090909091 12
1735022786600 0.5998363636363636 13
1735022786701 0.6426818181818181 14
1735022786810 0.6855272727272728 15
1735022786909 0.7283727272727273 16
1735022787043 0.7712181818181819 17
1735022787140 0.8140636363636363 18
1735022787241 0.8569090909090908 19
1735022787337 0.8997545454545455 20
1735022787444 0.9426 21
