1735020758727 0.04159545454545455 0
1735020758861 0.0831909090909091 1
1735020758952 0.12478636363636363 2
1735020759060 0.1663818181818182 3
1735020759164 0.20797727272727273 4
1735020759265 0.24957272727272725 5
1735020759365 0.2911681818181818 6
1735020759460 0.3327636363636364 7
1735020759558 0.3743590909090909 8
1735020759664 0.41595454545454547 9
1735020759773 0.45755 10
1735020759870 0.4991454545454545 11
1735020759967 0.5407409090909091 12
1735020760071 0.5823363636363637 13
1735020760190 0.6239318181818182 14
1735020760292 0.6655272727272727 15
1735020760392 0.7071227272727273 16
1735020760499 0.7487181818181818 17
1735020760596 0.7903136363636364 18
1735020760706 0.8319090909090909 19
1735020760818 0.8735045454545455 20
1735020760918 0.9151 21
