1735020758774 21.44916978184625 0
1735020758904 20.768599232033544 1
1735020759001 19.615230555582805 2
1735020759106 18.831003776491144 3
1735020759211 17.852472403970328 4
1735020759310 16.68569027986383 5
1735020759408 15.894954247098553 6
1735020759504 14.735157346265144 7
1735020759606 13.866419613012095 8
1735020759714 12.279989817869815 9
1735020759817 11.051337650753338 10
1735020759913 10.85118408155845 11
1735020760014 9.369512163006343 12
1735020760121 8.264139059654942 13
1735020760241 7.603988405389153 14
1735020760337 6.389832071256786 15
1735020760443 5.917511326499039 16
1735020760544 4.73564517713261 17
1735020760646 3.7954670438967346 18
1735020760761 2.765057424232432 19
1735020760866 1.7557216655659231 20
1735020760959 0.9029797516012252 21
