1735020758749 0.04318181818181818 0
1735020758882 0.08636363636363636 1
1735020758978 0.12954545454545452 2
1735020759081 0.17272727272727273 3
1735020759188 0.21590909090909088 4
1735020759285 0.25909090909090904 5
1735020759388 0.30227272727272725 6
1735020759483 0.34545454545454546 7
1735020759584 0.38863636363636367 8
1735020759688 0.43181818181818177 9
1735020759796 0.475 10
1735020759890 0.5181818181818181 11
1735020759987 0.5613636363636364 12
1735020760091 0.6045454545454545 13
1735020760218 0.6477272727272726 14
1735020760314 0.6909090909090909 15
1735020760417 0.734090909090909 16
1735020760521 0.7772727272727273 17
1735020760621 0.8204545454545454 18
1735020760734 0.8636363636363635 19
1735020760844 0.9068181818181819 20
1735020760939 0.95 21
