1735017283474 21.572124991895524 0
1735017283598 20.53855114726927 1
1735017283708 19.53455478998313 2
1735017283824 18.84779647968005 3
1735017283944 17.928567425874135 4
1735017284062 16.241777492911528 5
1735017284188 15.64876050059876 6
1735017284307 14.635758673602645 7
1735017284425 13.199681243355386 8
1735017284541 12.89179238172899 9
1735017284656 11.708616710679367 10
1735017284772 10.749516067900329 11
1735017284884 9.803975875800937 12
1735017284989 8.02441240771808 13
1735017285128 7.075312169555999 14
1735017285232 6.813386588019512 15
1735017285379 5.177195500520643 16
1735017285503 4.762475348002483 17
1735017285607 3.554519867074494 18
1735017285719 2.9752852244378625 19
1735017285859 1.9554870057154208 20
1735017285989 0.5156922408709707 21
