1735017283451 0.042272727272727274 0
1735017283574 0.08454545454545455 1
1735017283686 0.1268181818181818 2
1735017283804 0.1690909090909091 3
1735017283922 0.21136363636363636 4
1735017284030 0.2536363636363636 5
1735017284157 0.2959090909090909 6
1735017284284 0.3381818181818182 7
1735017284397 0.3804545454545455 8
1735017284514 0.42272727272727273 9
1735017284631 0.465 10
1735017284743 0.5072727272727272 11
1735017284860 0.5495454545454546 12
1735017284966 0.5918181818181818 13
1735017285100 0.634090909090909 14
1735017285208 0.6763636363636364 15
1735017285354 0.7186363636363636 16
1735017285479 0.760909090909091 17
1735017285579 0.8031818181818182 18
1735017285693 0.8454545454545455 19
1735017285820 0.8877272727272728 20
1735017285962 0.93 21
