1735017283399 0.041140909090909096 0
1735017283543 0.08228181818181819 1
1735017283660 0.12342272727272727 2
1735017283774 0.16456363636363638 3
1735017283895 0.20570454545454545 4
1735017284001 0.24684545454545453 5
1735017284131 0.28798636363636365 6
1735017284248 0.32912727272727277 7
1735017284367 0.37026818181818183 8
1735017284481 0.4114090909090909 9
1735017284602 0.45255 10
1735017284715 0.49369090909090907 11
1735017284837 0.5348318181818182 12
1735017284945 0.5759727272727273 13
1735017285074 0.6171136363636364 14
1735017285186 0.6582545454545455 15
1735017285329 0.6993954545454545 16
1735017285450 0.7405363636363637 17
1735017285553 0.7816772727272727 18
1735017285671 0.8228181818181818 19
1735017285796 0.863959090909091 20
1735017285934 0.9051 21
