1735017626750 0.041140909090909096 0
1735017626898 0.08228181818181819 1
1735017627009 0.12342272727272727 2
1735017627106 0.16456363636363638 3
1735017627239 0.20570454545454545 4
1735017627350 0.24684545454545453 5
1735017627449 0.28798636363636365 6
1735017627564 0.32912727272727277 7
1735017627679 0.37026818181818183 8
1735017627831 0.4114090909090909 9
1735017627936 0.45255 10
1735017628037 0.49369090909090907 11
1735017628132 0.5348318181818182 12
1735017628233 0.5759727272727273 13
1735017628352 0.6171136363636364 14
1735017628454 0.6582545454545455 15
1735017628571 0.6993954545454545 16
1735017628674 0.7405363636363637 17
1735017628797 0.7816772727272727 18
1735017628933 0.8228181818181818 19
1735017629069 0.863959090909091 20
1735017629188 0.9051 21
