1735017626823 21.056822442708796 0
1735017626945 20.553786217098473 1
1735017627054 19.689519983677183 2
1735017627156 18.709090537922716 3
1735017627289 17.352967817875985 4
1735017627397 16.694106728288816 5
1735017627504 15.369985496618183 6
1735017627617 14.506341659103223 7
1735017627755 13.509725290166106 8
1735017627879 12.225285100138626 9
1735017627981 11.365223224318687 10
1735017628080 10.408049691610168 11
1735017628174 9.91842486090194 12
1735017628285 8.11786883109554 13
1735017628396 7.223091600769073 14
1735017628505 6.304882484451461 15
1735017628621 5.661330181300517 16
1735017628732 4.101071715845776 17
1735017628848 3.3920507716432664 18
1735017628998 2.890869815254416 19
1735017629128 1.7544469914314322 20
1735017629234 0.4612617259264451 21
