1735017626779 0.042272727272727274 0
1735017626923 0.08454545454545455 1
1735017627032 0.1268181818181818 2
1735017627130 0.1690909090909091 3
1735017627265 0.21136363636363636 4
1735017627374 0.2536363636363636 5
1735017627472 0.2959090909090909 6
1735017627589 0.3381818181818182 7
1735017627709 0.3804545454545455 8
1735017627858 0.42272727272727273 9
1735017627956 0.465 10
1735017628058 0.5072727272727272 11
1735017628153 0.5495454545454546 12
1735017628263 0.5918181818181818 13
1735017628374 0.634090909090909 14
1735017628480 0.6763636363636364 15
1735017628597 0.7186363636363636 16
1735017628703 0.760909090909091 17
1735017628822 0.8031818181818182 18
1735017628968 0.8454545454545455 19
1735017629104 0.8877272727272728 20
1735017629212 0.93 21
