1735020648365 0.041140909090909096 0
1735020648551 0.08228181818181819 1
1735020648682 0.12342272727272727 2
1735020648820 0.16456363636363638 3
1735020648937 0.20570454545454545 4
1735020649043 0.24684545454545453 5
1735020649143 0.28798636363636365 6
1735020649251 0.32912727272727277 7
1735020649367 0.37026818181818183 8
1735020649460 0.4114090909090909 9
1735020649560 0.45255 10
1735020649665 0.49369090909090907 11
1735020649794 0.5348318181818182 12
1735020649924 0.5759727272727273 13
1735020650076 0.6171136363636364 14
1735020650185 0.6582545454545455 15
1735020650303 0.6993954545454545 16
1735020650426 0.7405363636363637 17
1735020650533 0.7816772727272727 18
1735020650656 0.8228181818181818 19
1735020650763 0.863959090909091 20
1735020650858 0.9051 21
