1735020648442 21.337914370100634 0
1735020648608 20.027105914410996 1
1735020648744 19.313669292726633 2
1735020648879 18.074742823400776 3
1735020648989 17.33645947915389 4
1735020649089 16.707721514857333 5
1735020649185 15.36407323267446 6
1735020649294 14.8129839054318 7
1735020649407 13.594551901255734 8
1735020649503 12.379185883636111 9
1735020649605 11.102739264440329 10
1735020649715 10.664792093440047 11
1735020649850 9.158732286775935 12
1735020649996 8.15559462725191 13
1735020650121 7.09509325836814 14
1735020650239 6.966657413812239 15
1735020650362 5.4214813623508284 16
1735020650474 4.117529223967642 17
1735020650583 3.1042208953313546 18
1735020650702 2.6768507734425153 19
1735020650807 1.619488990520363 20
1735020650907 0.9752076172781232 21
