1735020648398 0.042272727272727274 0
1735020648582 0.08454545454545455 1
1735020648711 0.1268181818181818 2
1735020648850 0.1690909090909091 3
1735020648965 0.21136363636363636 4
1735020649064 0.2536363636363636 5
1735020649163 0.2959090909090909 6
1735020649273 0.3381818181818182 7
1735020649387 0.3804545454545455 8
1735020649481 0.42272727272727273 9
1735020649582 0.465 10
1735020649689 0.5072727272727272 11
1735020649826 0.5495454545454546 12
1735020649963 0.5918181818181818 13
1735020650097 0.634090909090909 14
1735020650211 0.6763636363636364 15
1735020650340 0.7186363636363636 16
1735020650448 0.760909090909091 17
1735020650558 0.8031818181818182 18
1735020650679 0.8454545454545455 19
1735020650784 0.8877272727272728 20
1735020650881 0.93 21
