1735020904071 0.042504545454545455 0
1735020904200 0.08500909090909091 1
1735020904315 0.12751363636363636 2
1735020904424 0.17001818181818182 3
1735020904527 0.21252272727272728 4
1735020904633 0.2550272727272727 5
1735020904747 0.2975318181818182 6
1735020904860 0.34003636363636364 7
1735020904966 0.38254090909090915 8
1735020905073 0.42504545454545456 9
1735020905182 0.46755 10
1735020905287 0.5100545454545454 11
1735020905383 0.5525590909090909 12
1735020905486 0.5950636363636364 13
1735020905595 0.6375681818181818 14
1735020905695 0.6800727272727273 15
1735020905802 0.7225772727272728 16
1735020905902 0.7650818181818183 17
1735020906005 0.8075863636363637 18
1735020906105 0.8500909090909091 19
1735020906213 0.8925954545454546 20
1735020906327 0.9351 21
