1735020904115 21.024520347192045 0
1735020904250 20.249856987203362 1
1735020904361 19.080989812100352 2
1735020904472 18.694731372639552 3
1735020904573 17.243536863389995 4
1735020904681 16.586794765129675 5
1735020904795 15.126857298498393 6
1735020904907 14.35285370302989 7
1735020905016 13.521227990535781 8
1735020905114 12.965693033713578 9
1735020905228 11.025782195639895 10
1735020905330 10.510520353345196 11
1735020905431 9.992879124353426 12
1735020905529 8.62984367530827 13
1735020905638 7.003002460242546 14
1735020905744 6.505246861918091 15
1735020905848 5.4626407611920635 16
1735020905949 4.017262012557557 17
1735020906050 3.1411795462476375 18
1735020906153 2.693089954211513 19
1735020906266 1.3022417190145563 20
1735020906385 0.27384138833652394 21
