1735020904092 0.041818181818181824 0
1735020904226 0.08363636363636365 1
1735020904337 0.12545454545454546 2
1735020904451 0.1672727272727273 3
1735020904551 0.2090909090909091 4
1735020904655 0.2509090909090909 5
1735020904772 0.2927272727272727 6
1735020904883 0.3345454545454546 7
1735020904990 0.3763636363636364 8
1735020905092 0.4181818181818182 9
1735020905205 0.46 10
1735020905309 0.5018181818181818 11
1735020905405 0.5436363636363637 12
1735020905507 0.5854545454545454 13
1735020905617 0.6272727272727272 14
1735020905720 0.6690909090909092 15
1735020905826 0.7109090909090909 16
1735020905926 0.7527272727272728 17
1735020906030 0.7945454545454546 18
1735020906126 0.8363636363636364 19
1735020906237 0.8781818181818183 20
1735020906354 0.92 21
